a1 =

 Columns 1 through 12:

   0.00000   0.00000   0.00000   0.00000   0.00000   0.00000   0.00000   0.00000   0.00000   0.00000   0.00000   0.00000

 Columns 13 through 24:

   0.00000   0.00000   0.00000   0.00000   0.00000   0.00000   0.00000   0.00000   0.00000   0.00000   0.00000   0.00000

 Columns 25 through 36:

   0.00000   0.00000   0.00000   0.00000   0.00000   0.00000   0.00000   0.00000   0.00000   0.00000   0.00000   0.00000

 Columns 37 through 48:

   0.00000   0.00000   0.00000   0.00000   0.00000   0.00000   0.00000   0.00000   0.00000   0.00000   0.00000   0.00000

 Columns 49 through 60:

   0.00000   0.00000   0.00000   0.00000   0.00000   0.00000   0.00000   0.00000   0.00000   0.00000   0.00000   0.00000

 Columns 61 through 72:

   0.00000   0.00000   0.00000   0.00000   0.00000   0.00000   0.00000   0.00001   0.00000  -0.00074  -0.00813  -0.01861

 Columns 73 through 84:

  -0.01874  -0.01876  -0.01910  -0.01640  -0.00378   0.00033   0.00001   0.00000   0.00000   0.00000   0.00000   0.00000

 Columns 85 through 96:

   0.00000   0.00000   0.00012   0.00012  -0.01404  -0.02845   0.08038   0.26654   0.27385   0.27873   0.27429   0.22468

 Columns 97 through 108:

   0.02776  -0.00706   0.00023   0.00000   0.00000   0.00000   0.00000   0.00000   0.00000   0.00000  -0.00033  -0.01387

 Columns 109 through 120:

   0.08157   0.38280   0.85785   1.00110   0.96971   0.93093   1.00384   0.96416   0.44926  -0.00560  -0.00378   0.00000

 Columns 121 through 132:

   0.00000   0.00000   0.00000   0.00001   0.00044  -0.00396  -0.02685   0.10076   0.64203   1.03137   0.85097   0.54312

 Columns 133 through 144:

   0.34260   0.26892   0.66837   1.01257   0.90380   0.10448  -0.01664   0.00000   0.00000   0.00000   0.00000   0.00003

 Columns 145 through 156:

  -0.00311   0.00752   0.17754   0.79289   0.96563   0.46317   0.06917  -0.00364  -0.04122  -0.05019   0.15610   0.90176

 Columns 157 through 168:

   1.04748   0.15106  -0.02160   0.00000   0.00000   0.00000   0.00006  -0.00064  -0.03233   0.27820   0.93672   1.04321

 Columns 169 through 180:

   0.59800  -0.00359  -0.02168  -0.00481   0.00006  -0.01238   0.15548   0.91487   0.92040   0.10917  -0.01711   0.00000

 Columns 181 through 192:

   0.00000   0.00016  -0.00043  -0.02515   0.13053   0.78166   1.02837   0.75714   0.28467   0.00487  -0.00319   0.00000

 Columns 193 through 204:

   0.00084  -0.03708   0.45264   1.03180   0.53903  -0.00244  -0.00480   0.00000   0.00000  -0.00070  -0.01273   0.16171

 Columns 205 through 216:

   0.77987   1.03677   0.80449   0.16059  -0.01382   0.00215  -0.00021   0.00020  -0.00686   0.00043   0.72068   0.84814

 Columns 217 through 228:

   0.15138  -0.02284   0.00020   0.00000   0.00000  -0.00940   0.03745   0.69439   1.02845   1.01648   0.88049   0.39212

 Columns 229 through 240:

  -0.01741  -0.00012   0.00006  -0.00224  -0.02761   0.36865   0.93641   0.45901  -0.04247   0.00117   0.00002   0.00000

 Columns 241 through 252:

   0.00000  -0.01935   0.13000   0.97982   0.94186   0.77515   0.87363   0.21278  -0.01724   0.00000   0.00110  -0.02618

 Columns 253 through 264:

   0.12287   0.83081   0.72650   0.05244  -0.00619   0.00000   0.00000   0.00000   0.00000  -0.00937   0.03683   0.69908

 Columns 265 through 276:

   1.00294   0.60570   0.32730  -0.03221  -0.04831  -0.04341  -0.05752   0.09557   0.72651   0.69537   0.14711  -0.01200

 Columns 277 through 288:

  -0.00030   0.00000   0.00000   0.00000   0.00000  -0.00068  -0.00651   0.11734   0.42195   0.99321   0.88201   0.74576

 Columns 289 through 300:

   0.72387   0.72334   0.72002   0.84532   0.83186   0.06888  -0.02778   0.00036   0.00007   0.00000   0.00000   0.00000

 Columns 301 through 312:

   0.00000   0.00015   0.00032  -0.02292  -0.00414   0.38704   0.50458   0.77489   0.99004   1.00769   1.00851   0.73791

 Columns 313 through 324:

   0.21546  -0.02696   0.00133   0.00000   0.00000   0.00000   0.00000   0.00000   0.00000   0.00000   0.00000   0.00024

 Columns 325 through 336:

  -0.00226  -0.02520  -0.03739   0.06621   0.29113   0.32306   0.30626   0.08761  -0.02506   0.00024   0.00000   0.00000

 Columns 337 through 348:

   0.00000   0.00000   0.00000   0.00000   0.00000   0.00000   0.00000   0.00000   0.00000   0.00000   0.00067  -0.01132

 Columns 349 through 360:

  -0.03546  -0.03882  -0.03711  -0.01335   0.00099   0.00005   0.00000   0.00000   0.00000   0.00000   0.00000   0.00000

 Columns 361 through 372:

   0.00000   0.00000   0.00000   0.00000   0.00000   0.00000   0.00000   0.00000   0.00000   0.00000   0.00000   0.00000

 Columns 373 through 384:

   0.00000   0.00000   0.00000   0.00000   0.00000   0.00000   0.00000   0.00000   0.00000   0.00000   0.00000   0.00000

 Columns 385 through 396:

   0.00000   0.00000   0.00000   0.00000   0.00000   0.00000   0.00000   0.00000   0.00000   0.00000   0.00000   0.00000

 Columns 397 through 400:

   0.00000   0.00000   0.00000   0.00000

