two =

 Columns 1 through 8:

   1.1800e+02   6.4639e+00   2.1606e+01   2.9214e+01  -3.0057e+00   3.5562e+01   7.0603e+00   3.6204e+00
   6.4639e+00   2.9214e+01  -3.0057e+00   7.0603e+00   3.6204e+00   1.8269e+00   1.4460e+01  -6.1962e-01
   2.1606e+01  -3.0057e+00   3.5562e+01   3.6204e+00   1.8269e+00   1.6797e+01  -6.1962e-01   5.9511e+00
   2.9214e+01   7.0603e+00   3.6204e+00   1.4460e+01  -6.1962e-01   5.9511e+00   6.1319e+00   1.3938e+00
  -3.0057e+00   3.6204e+00   1.8269e+00  -6.1962e-01   5.9511e+00  -1.3037e+00   1.3938e+00   1.1130e+00
   3.5562e+01   1.8269e+00   1.6797e+01   5.9511e+00  -1.3037e+00   2.0190e+01   1.1130e+00   2.1568e+00
   7.0603e+00   1.4460e+01  -6.1962e-01   6.1319e+00   1.3938e+00   1.1130e+00   9.2478e+00  -8.2928e-02
   3.6204e+00  -6.1962e-01   5.9511e+00   1.3938e+00   1.1130e+00   2.1568e+00  -8.2928e-02   2.2341e+00
   1.8269e+00   5.9511e+00  -1.3037e+00   1.1130e+00   2.1568e+00   4.8251e-01   2.2341e+00  -2.0118e-01
   1.6797e+01  -1.3037e+00   2.0190e+01   2.1568e+00   4.8251e-01   1.3654e+01  -2.0118e-01   2.6658e+00
   1.4460e+01   6.1319e+00   1.3938e+00   9.2478e+00  -8.2928e-02   2.2341e+00   5.4093e+00   7.4746e-01
  -6.1962e-01   1.3938e+00   1.1130e+00  -8.2928e-02   2.2341e+00  -2.0118e-01   7.4746e-01   7.0605e-01
   5.9511e+00   1.1130e+00   2.1568e+00   2.2341e+00  -2.0118e-01   2.6658e+00   7.0605e-01   6.5154e-01
  -1.3037e+00   2.1568e+00   4.8251e-01  -2.0118e-01   2.6658e+00  -7.4361e-01   6.5154e-01   3.5474e-01
   2.0190e+01   4.8251e-01   1.3654e+01   2.6658e+00  -7.4361e-01   1.4836e+01   3.5474e-01   1.4741e+00
   6.1319e+00   9.2478e+00  -8.2928e-02   5.4093e+00   7.4746e-01   7.0605e-01   6.8958e+00   1.0399e-01
   1.3938e+00  -8.2928e-02   2.2341e+00   7.4746e-01   7.0605e-01   6.5154e-01   1.0399e-01   1.0982e+00
   1.1130e+00   2.2341e+00  -2.0118e-01   7.0605e-01   6.5154e-01   3.5474e-01   1.0982e+00  -2.1917e-02
   2.1568e+00  -2.0118e-01   2.6658e+00   6.5154e-01   3.5474e-01   1.4741e+00  -2.1917e-02   8.4451e-01
   4.8251e-01   2.6658e+00  -7.4361e-01   3.5474e-01   1.4741e+00  -1.8173e-02   8.4451e-01  -8.4087e-02
   1.3654e+01  -7.4361e-01   1.4836e+01   1.4741e+00  -1.8173e-02   1.2146e+01  -8.4087e-02   1.6088e+00
   9.2478e+00   5.4093e+00   7.4746e-01   6.8958e+00   1.0399e-01   1.0982e+00   4.9392e+00   5.1283e-01
  -8.2928e-02   7.4746e-01   7.0605e-01   1.0399e-01   1.0982e+00  -2.1917e-02   5.1283e-01   4.7190e-01
   2.2341e+00   7.0605e-01   6.5154e-01   1.0982e+00  -2.1917e-02   8.4451e-01   4.7190e-01   2.5935e-01
  -2.0118e-01   6.5154e-01   3.5474e-01  -2.1917e-02   8.4451e-01  -8.4087e-02   2.5935e-01   2.2205e-01
   2.6658e+00   3.5474e-01   1.4741e+00   8.4451e-01  -8.4087e-02   1.6088e+00   2.2205e-01   3.9406e-01
  -7.4361e-01   1.4741e+00  -1.8173e-02  -8.4087e-02   1.6088e+00  -5.2687e-01   3.9406e-01   1.0978e-01
   1.4836e+01  -1.8173e-02   1.2146e+01   1.6088e+00  -5.2687e-01   1.2730e+01   1.0978e-01   1.1349e+00

 Columns 9 through 16:

   1.8269e+00   1.6797e+01   1.4460e+01  -6.1962e-01   5.9511e+00  -1.3037e+00   2.0190e+01   6.1319e+00
   5.9511e+00  -1.3037e+00   6.1319e+00   1.3938e+00   1.1130e+00   2.1568e+00   4.8251e-01   9.2478e+00
  -1.3037e+00   2.0190e+01   1.3938e+00   1.1130e+00   2.1568e+00   4.8251e-01   1.3654e+01  -8.2928e-02
   1.1130e+00   2.1568e+00   9.2478e+00  -8.2928e-02   2.2341e+00  -2.0118e-01   2.6658e+00   5.4093e+00
   2.1568e+00   4.8251e-01  -8.2928e-02   2.2341e+00  -2.0118e-01   2.6658e+00  -7.4361e-01   7.4746e-01
   4.8251e-01   1.3654e+01   2.2341e+00  -2.0118e-01   2.6658e+00  -7.4361e-01   1.4836e+01   7.0605e-01
   2.2341e+00  -2.0118e-01   5.4093e+00   7.4746e-01   7.0605e-01   6.5154e-01   3.5474e-01   6.8958e+00
  -2.0118e-01   2.6658e+00   7.4746e-01   7.0605e-01   6.5154e-01   3.5474e-01   1.4741e+00   1.0399e-01
   2.6658e+00  -7.4361e-01   7.0605e-01   6.5154e-01   3.5474e-01   1.4741e+00  -1.8173e-02   1.0982e+00
  -7.4361e-01   1.4836e+01   6.5154e-01   3.5474e-01   1.4741e+00  -1.8173e-02   1.2146e+01  -2.1917e-02
   7.0605e-01   6.5154e-01   6.8958e+00   1.0399e-01   1.0982e+00  -2.1917e-02   8.4451e-01   4.9392e+00
   6.5154e-01   3.5474e-01   1.0399e-01   1.0982e+00  -2.1917e-02   8.4451e-01  -8.4087e-02   5.1283e-01
   3.5474e-01   1.4741e+00   1.0982e+00  -2.1917e-02   8.4451e-01  -8.4087e-02   1.6088e+00   4.7190e-01
   1.4741e+00  -1.8173e-02  -2.1917e-02   8.4451e-01  -8.4087e-02   1.6088e+00  -5.2687e-01   2.5935e-01
  -1.8173e-02   1.2146e+01   8.4451e-01  -8.4087e-02   1.6088e+00  -5.2687e-01   1.2730e+01   2.2205e-01
   1.0982e+00  -2.1917e-02   4.9392e+00   5.1283e-01   4.7190e-01   2.5935e-01   2.2205e-01   5.7174e+00
  -2.1917e-02   8.4451e-01   5.1283e-01   4.7190e-01   2.5935e-01   2.2205e-01   3.9406e-01   1.9662e-01
   8.4451e-01  -8.4087e-02   4.7190e-01   2.5935e-01   2.2205e-01   3.9406e-01   1.0978e-01   6.2761e-01
  -8.4087e-02   1.6088e+00   2.5935e-01   2.2205e-01   3.9406e-01   1.0978e-01   1.1349e+00   1.2210e-02
   1.6088e+00  -5.2687e-01   2.2205e-01   3.9406e-01   1.0978e-01   1.1349e+00  -1.9061e-01   3.5876e-01
  -5.2687e-01   1.2730e+01   3.9406e-01   1.0978e-01   1.1349e+00  -1.9061e-01   1.1603e+01   8.1224e-03
   4.7190e-01   2.5935e-01   5.7174e+00   1.9662e-01   6.2761e-01   1.2210e-02   3.5876e-01   4.6698e+00
   2.5935e-01   2.2205e-01   1.9662e-01   6.2761e-01   1.2210e-02   3.5876e-01   8.1224e-03   4.2430e-01
   2.2205e-01   3.9406e-01   6.2761e-01   1.2210e-02   3.5876e-01   8.1224e-03   4.4000e-01   3.3044e-01
   3.9406e-01   1.0978e-01   1.2210e-02   3.5876e-01   8.1224e-03   4.4000e-01  -5.9066e-02   1.2229e-01
   1.0978e-01   1.1349e+00   3.5876e-01   8.1224e-03   4.4000e-01  -5.9066e-02   1.1705e+00   1.3807e-01
   1.1349e+00  -1.9061e-01   8.1224e-03   4.4000e-01  -5.9066e-02   1.1705e+00  -4.0878e-01   1.4135e-01
  -1.9061e-01   1.1603e+01   4.4000e-01  -5.9066e-02   1.1705e+00  -4.0878e-01   1.2046e+01   8.3611e-02

